0.0 0.0 0.0 0.0 0.0 0.0
0.0003766048995173636 2.7199476288988822e-08 0.11860809676566839 0.00030098504529484473 2.0030928814505773e-08 0.11215579392345182
0.0003766048995173636 2.7199476288988822e-08 0.11860809676566839 0.0003766048995173636 2.7199476288988822e-08 0.11860809676566839
0.0018126377926322968 2.7597825908180104e-07 0.19756582084754223 0.001612134701568501 2.271310471106615e-07 0.1886782916139975
0.004075045400310251 1.315590468368571e-06 0.28420801155865866 0.004075045400310251 1.315590468368571e-06 0.28420801155865866
0.007379820078509418 5.88351909121648e-06 0.39894367608175624 0.007079198878324065 5.2288274983561395e-06 0.38837966829270526
0.009912666248781489 1.4627822636866945e-05 0.49316282893405594 0.009912666248781489 1.4627822636866945e-05 0.49316282893405594
0.012344698967670665 3.2415095694266896e-05 0.602155138905606 0.01215923492939286 3.052710617090928e-05 0.5926646470613736
0.013794510966153724 5.276200236020947e-05 0.6912787418763365 0.013682299954090036 5.068008717729766e-05 0.6828741197301266
0.01453887347384908 7.233423767380422e-05 0.7685278111597498 0.014493965500653586 7.054796565743775e-05 0.7613745601458195
0.014681783194334625 8.563367607968236e-05 0.8270453591633953 0.014681783194334625 8.563367607968236e-05 0.8270453591633953
0.014334205818702204 9.341933143377351e-05 0.8843883904550913 0.014384336142687679 9.313211143355069e-05 0.8798015152303699
0.013767171844291501 9.225510411557623e-05 0.9203273412832618 0.013767171844291501 9.225510411557623e-05 0.9203273412832618
0.01291432043640426 8.248883127779394e-05 0.9521617052628671 0.012994445140124124 8.370739129373452e-05 0.9497732357928379
0.012206738187376285 6.917061799669714e-05 0.9695622793673623 0.012206738187376285 6.917061799669714e-05 0.9695622793673623
0.011508561431799557 5.092584209142259e-05 0.9812426804523734 0.011508561431799557 5.092584209142259e-05 0.9812426804523734
0.010965632966127896 3.145038196837399e-05 0.9863731737890966 0.010965632966127896 3.145038196837399e-05 0.9863731737890966
0.010583363537604964 1.1310279929766475e-05 0.9862199739399422 0.010583363537604964 1.1310279929766475e-05 0.9862199739399422
0.010439877164407608 -2.586440962458896e-06 0.9827916961158257 0.010439877164407608 -2.586440962458896e-06 0.9827916961158257
0.010450694412835929 -1.5183627812290582e-05 0.9759016578244146 0.010450694412835929 -1.5183627812290582e-05 0.9759016578244146
0.010606187198467511 -2.2021885262028936e-05 0.9680964076167597 0.010585459018815418 -2.1535019841679203e-05 0.9689175159835811
0.010833888432305204 -2.4550787403098304e-05 0.9605032391730569 0.010833888432305204 -2.4550787403098304e-05 0.9605032391730569
0.011184575562408452 -2.362803886538056e-05 0.9511727336765062 0.011150519614852918 -2.386898165828582e-05 0.9520074704746178
0.011501015563810021 -2.0326944099587355e-05 0.9438975457563523 0.011501015563810021 -2.0326944099587358e-05 0.9438975457563523
0.011855944111002737 -1.4883984955770373e-05 0.9364953975948008 0.011855944111002737 -1.4883984955770373e-05 0.9364953975948008
0.012223854734913395 -7.826384262579747e-06 0.9294044041792355 0.012191992190782493 -8.48518072480137e-06 0.9299996122808382
0.01251994815090027 -1.3403920707966338e-06 0.9240154375527684 0.01249233594422954 -1.9706982856915648e-06 0.9245080505400608
0.01276900482587774 4.532871567454186e-06 0.9196497006489236 0.012746383431122013 3.987811214677171e-06 0.9200409997410645
0.012949110540951164 8.908937145379119e-06 0.9165632337752571 0.012949110540951164 8.908937145379119e-06 0.9165632337752571
0.013100082756373544 1.2509488015519582e-05 0.9139966733331018 0.013100082756373544 1.2509488015519582e-05 0.9139966733331018
0.013210035381300814 1.4840499919662418e-05 0.912098028897991 0.01320230320548504 1.4697876535232355e-05 0.9122346095711394
0.013264901300521097 1.555475319220866e-05 0.9110799667641648 0.013261147490604527 1.5538897761103064e-05 0.9111552251558952
0.01328345338633041 1.5203872789507498e-05 0.9106323610210874 0.01328345338633041 1.5203872789507498e-05 0.9106323610210874
0.013274751368494911 1.37600589987973e-05 0.9105541584071769 0.013276728192866315 1.3929114275145148e-05 0.9105436108195244
0.013244763243915538 1.1760442357183016e-05 0.9108129371169296 0.013248492922515476 1.1981621049406717e-05 0.9107760067276813
0.013200948529166178 9.383675627860847e-06 0.9112837777700817 0.013205770913206936 9.631159460784483e-06 0.9112296488356179
0.013154748460300607 7.123594812420384e-06 0.9118196317159786 0.013154748460300607 7.123594812420384e-06 0.9118196317159786
0.01310057749230555 4.667221182731208e-06 0.9124766272142356 0.01310057749230555 4.667221182731208e-06 0.9124766272142356
0.013047301637382862 2.4205119944007512e-06 0.9131464531252363 0.013047301637382862 2.4205119944007512e-06 0.9131464531252363
0.012993230267435046 3.1988664187525993e-07 0.9138505096941925 0.012997877589247806 4.923817815839378e-07 0.9137889328129415
0.012954260138506327 -1.054483629591692e-06 0.9143762933262848 0.012954260138506327 -1.054483629591692e-06 0.9143762933262848
0.01291426417900175 -2.2898657464467526e-06 0.9149384506559464 0.012917537418726385 -2.1975707973337566e-06 0.9148913209707847
0.012888087526120818 -2.9488226754400847e-06 0.9153254389046476 0.012888087526120818 -2.9488226754400847e-06 0.9153254389046476
0.01286388043654774 -3.3687082189035825e-06 0.9157076705637496 0.012865742812473997 -3.3463979052571704e-06 0.9156769569902287
0.012849951939036314 -3.444711822776799e-06 0.9159494731824026 0.012849951939036314 -3.444711822776799e-06 0.9159494731824026
0.012839911363514145 -3.306693316089057e-06 0.9161498655518644 0.012839911363514145 -3.306693316089057e-06 0.9161498655518644
0.012834374203861881 -2.958284330904374e-06 0.9162975513919851 0.012834374203861881 -2.958284330904374e-06 0.9162975513919851
0.012833241024062431 -2.5747192620325615e-06 0.9163705063544318 0.012833241024062431 -2.5747192620325615e-06 0.9163705063544318
0.012834657519290167 -2.0961095897342586e-06 0.9164104914619272 0.012834657519290167 -2.0961095897342586e-06 0.9164104914619272
0.012838051372890276 -1.6044804236225488e-06 0.9164164845225685 0.012838051372890276 -1.6044804236225488e-06 0.9164164845225685
0.012843176993783328 -1.08941286835997e-06 0.9163942812934196 0.012842672299769079 -1.1342140830992884e-06 0.9163972791858934
0.012848441881199147 -6.708851611785553e-07 0.916356275256805 0.012848441881199147 -6.708851611785553e-07 0.916356275256805
0.01285379739395908 -3.1533938279736045e-07 0.9163080175289184 0.012853268388448712 -3.4779376094100977e-07 0.9163131450001276
0.012858411260599544 -5.526893135696609e-08 0.9162602055170329 0.012858411260599544 -5.526893135696609e-08 0.9162602055170329
0.012863530588440525 1.842436773782507e-07 0.9162007005520054 0.012863093901599227 1.659706424594007e-07 0.916206052182926
0.012867172416706004 3.188907936730975e-07 0.9161538490123505 0.012867172416706004 3.188907936730975e-07 0.9161538490123505
0.01287057936962678 4.1130136720427043e-07 0.9161058107614436 0.01287057936962678 4.1130136720427043e-07 0.9161058107614436
0.012873306624120956 4.5387076826698887e-07 0.9160633398679853 0.012873306624120956 4.5387076826698887e-07 0.9160633398679853
0.012875388691318292 4.57573363953552e-07 0.9160271711312297 0.012875388691318292 4.5757336395355206e-07 0.9160271711312297
0.012876888249250828 4.324857979327328e-07 0.915997517767214 0.012876888249250828 4.324857979327328e-07 0.915997517767214
0.01287795894216276 3.817715050546004e-07 0.915972220897797 0.01287795894216276 3.817715050546004e-07 0.915972220897797
0.012878460889953262 3.2894439103068104e-07 0.9159568182040636 0.012878460889953262 3.2894439103068104e-07 0.9159568182040636
0.012878713709494527 2.5861193664041566e-07 0.9159437183642831 0.01287870453370648 2.65071755029692e-07 0.9159446727171295
0.012878682848856913 1.9511212535453004e-07 0.9159364706071403 0.012878694904185407 2.0131557781403122e-07 0.9159370196442881
0.012878503285836455 1.4166819142354154e-07 0.9159330583362809 0.012878503285836455 1.4166819142354154e-07 0.9159330583362809
0.012878190673933441 8.922094033701433e-08 0.9159320034216608 0.012878190673933441 8.922094033701434e-08 0.9159320034216608
0.012877767938273048 4.181531929336322e-08 0.9159333298551571 0.012877808363344304 4.565352647382497e-08 0.9159331240205452
0.01287739647548922 1.1601634286719868e-08 0.91593576848561 0.01287739647548922 1.1601634286719871e-08 0.91593576848561
0.012876944557473301 -1.5392817684068863e-08 0.9159397744454868 0.012876984835622721 -1.3337321684463365e-08 0.9159393788801564
0.012876594588307002 -3.083253759663547e-08 0.915943494158471 0.012876594588307002 -3.0832537596635466e-08 0.915943494158471
0.012876241132519166 -4.204363522770494e-08 0.915947752046057 0.012876241132519166 -4.204363522770493e-08 0.915947752046057
0.012875934930773233 -4.734827821386391e-08 0.9159518803173469 0.012875934930773233 -4.73482782138639e-08 0.9159518803173469
0.012875658066547179 -4.7025594425947395e-08 0.9159560465849446 0.012875680615790636 -4.727930199934615e-08 0.9159556885785571
0.012875478191784744 -4.338206568377767e-08 0.9159590550647732 0.012875478191784744 -4.338206568377768e-08 0.9159590550647732
0.012875311379709709 -3.7320311185780076e-08 0.9159621725826952 0.012875324315019024 -3.7895068122344147e-08 0.9159619154254525
0.01287521318796958 -3.19647846675079e-08 0.9159642513927371 0.01287521318796958 -3.19647846675079e-08 0.9159642513927371
0.012875138559901817 -2.5557554913592147e-08 0.9159660788656164 0.012875138559901817 -2.555755491359214e-08 0.9159660788656164
0.012875091058225749 -1.8661821631945624e-08 0.9159675509833313 0.012875094081015049 -1.9254053806901084e-08 0.9159674386968066
0.012875073878919112 -1.3716633633915843e-08 0.9159683852718961 0.012875073878919112 -1.371663363391584e-08 0.9159683852718961
0.01287507316346591 -8.581765978396354e-09 0.9159690218800339 0.01287507247638348 -9.008087518060418e-09 0.9159689794113908
0.012875084801299438 -5.103471234682935e-09 0.9159692844377811 0.012875084801299438 -5.103471234682935e-09 0.9159692844377811
0.012875107124986252 -1.9816627268223236e-09 0.9159693613718805 0.012875107124986252 -1.981662726822328e-09 0.9159693613718805
0.012875139207830878 6.122383810123096e-10 0.9159692510035793 0.012875136092734007 4.09679014856693e-10 0.9159692677471262
0.01287516795396881 2.172834896014246e-09 0.9159690541367493 0.01287516795396881 2.172834896014244e-09 0.9159690541367493
0.012875202813914494 3.5822740869123805e-09 0.9159687324708403 0.012875199723498954 3.469911389290602e-09 0.9159687642323887
0.012875229507218816 4.529506266723975e-09 0.9159684335894086 0.012875229507218816 4.5295062667239745e-09 0.9159684335894086
0.012875256286276985 5.519381120305907e-09 0.9159680905015735 0.012875256286276985 5.51938112030591e-09 0.9159680905015735
0.012875281724807333 6.09448266852906e-09 0.9159677232526439 0.012875279599184983 6.084848376841987e-09 0.9159677556745776
0.012875299096270075 5.787379824814467e-09 0.9159674448651539 0.012875299096270075 5.787379824814466e-09 0.9159674448651539
0.012875315968081228 4.820696850335324e-09 0.9159671412141888 0.01287531461717885 4.9242478774943135e-09 0.9159671667808815
0.01287532693433006 3.764286647702831e-09 0.9159669307177898 0.01287532693433006 3.76428664770283e-09 0.9159669307177898
0.012875337510955598 2.358010303149907e-09 0.9159667378245707 0.012875337510955598 2.358010303149904e-09 0.9159667378245707
0.012875346784276681 7.772929538814036e-10 0.9159665861735032 0.012875346784276681 7.772929538813944e-10 0.9159665861735032
0.012875353565744763 -5.638891468239378e-10 0.9159664704577385 0.012875353565744763 -5.638891468239391e-10 0.9159664704577385
0.01287535899889722 -5.49281384853708e-10 0.9159663791382856 0.012875358545519983 -6.514322134403789e-10 0.9159663859146202
0.012875363465762919 1.8095936592508561e-09 0.9159663255750977 0.012875363031200215 1.479326578913419e-09 0.915966329821686
0.01287536650984734 4.822925265805065e-09 0.9159662975670324 0.01287536650984734 4.822925265805065e-09 0.9159662975670324
0.012875366765872653 6.539676321368953e-09 0.9159662866117788 0.012875366765872653 6.539676321368955e-09 0.9159662866117788
0.012875363117620116 5.763190515316353e-09 0.9159662902989911 0.012875363117620116 5.76319051531635e-09 0.9159662902989911
0.012875357134540175 4.137223005186624e-09 0.9159663041844036 0.012875357134540175 4.13722300518662e-09 0.9159663041844036
0.012875351327854634 3.0363736239110025e-09 0.915966325062629 0.012875351327854634 3.0363736239109893e-09 0.915966325062629
0.012875346475240626 2.6183753429633056e-09 0.915966350917281 0.012875346475240626 2.6183753429633027e-09 0.915966350917281
0.012875342565149646 2.9911414470360064e-09 0.9159663838154692 0.012875342860606773 2.933779003076158e-09 0.9159663808215873
0.012875339682090488 3.189085328938022e-09 0.9159664128520547 0.01287533998093127 3.204726660784764e-09 0.9159664100336162
0.012875336937241284 3.1316338437463486e-09 0.9159664385244296 0.012875337165231763 3.1085075747038297e-09 0.9159664360765829
0.012875335323757172 3.430853861574531e-09 0.9159664584232493 0.012875335323757172 3.4308538615745344e-09 0.9159664584232493
0.012875333455082535 3.0998156203567312e-09 0.9159664770148598 0.012875333455082535 3.099815620356736e-09 0.9159664770148598
0.012875331769429987 2.573624130950244e-09 0.9159664922008045 0.012875331877108126 2.6032992717526677e-09 0.91596649100004
0.01287533069792541 2.016560976768464e-09 0.9159665023290517 0.012875330818986447 2.0991030017308577e-09 0.9159665014026968
0.01287532971642626 1.4500752800178583e-09 0.9159665097861455 0.012875329775038146 1.4638251172072466e-09 0.9159665091210837
0.012875329357698237 1.5062972992654136e-09 0.9159665146673969 0.012875329357698237 1.5062972992654163e-09 0.9159665146673969
0.012875328817635097 1.077608589314341e-09 0.915966518520637 0.012875328817635097 1.0776085893143412e-09 0.915966518520637
0.012875328815025046 1.0876169286053811e-09 0.9159665211502745 0.012875328822810797 1.0584162411221902e-09 0.9159665209679266
0.0128753283465838 1.040298284731497e-09 0.915966522313452 0.0128753283465838 1.040298284731494e-09 0.915966522313452
0.012875328006359672 6.418493583007618e-10 0.9159665227328404 0.012875327989428495 6.534411027528547e-10 0.9159665227540718
0.012875328101791102 4.5474735376061446e-10 0.9159665223114047 0.012875328101791102 4.547473537606217e-10 0.9159665223114047
0.012875327908328774 -7.370077282114554e-11 0.9159665212111782 0.012875327898156754 -5.964570484739392e-11 0.9159665213268776
0.012875328198505155 1.3770290413883769e-10 0.915966520376568 0.012875328198505155 1.377029041388332e-10 0.915966520376568
0.01287532825045654 8.460025169118644e-11 0.9159665196499099 0.01287532825045654 8.460025169118119e-11 0.9159665196499099
0.012875328698748526 1.2800990465126944e-10 0.9159665189933948 0.012875328698748526 1.28009904651269e-10 0.9159665189933948
0.012875329104034836 1.0200078246332083e-10 0.9159665183952299 0.012875329104034836 1.020007824633208e-10 0.9159665183952299
0.012875329655284857 -2.1968415340613306e-10 0.9159665180411192 0.012875329655284857 -2.1968415340612756e-10 0.9159665180411192
0.012875330134079816 -1.2621956347343741e-11 0.9159665176207107 0.012875330123672837 -1.4111337243818507e-11 0.9159665176773464
0.012875330395299025 -1.4246754948216645e-10 0.9159665173712183 0.012875330344474252 -1.440531965643352e-10 0.9159665174013739
0.012875330730667685 1.2591418442238713e-10 0.9159665172868748 0.012875330730667685 1.259141844223835e-10 0.9159665172868748
0.012875330517412086 7.065382457298241e-11 0.9159665169427601 0.012875330517412086 7.065382457297836e-11 0.9159665169427601
0.012875330627921839 5.679817360082977e-11 0.9159665165996345 0.012875330627921839 5.679817360083673e-11 0.9159665165996345
0.012875330338686135 3.1523793028278485e-11 0.9159665162815688 0.012875330338686135 3.152379302828134e-11 0.9159665162815688
0.012875330290748563 3.85916034156154e-11 0.915966516229998 0.012875330290748563 3.8591603415618625e-11 0.915966516229998
0.012875330366551203 3.3897873020314416e-10 0.9159665158561738 0.012875330391577353 3.4260305830389626e-10 0.9159665159355529
0.0128753302451367 2.7327695111054733e-10 0.9159665156878494 0.0128753302451367 2.732769511105463e-10 0.9159665156878494
0.012875330539284406 5.461111893426384e-10 0.9159665155364842 0.012875330539284406 5.461111893426403e-10 0.9159665155364842
0.012875330540322506 2.593529328959827e-10 0.9159665154237423 0.012875330523171464 2.9044040130431385e-10 0.9159665154008745
0.012875330947245217 1.786327711190361e-10 0.9159665155574874 0.012875330947245217 1.7863277111903477e-10 0.9159665155574874
0.012875331039756932 -2.2537731092042875e-10 0.9159665159542935 0.012875331048392911 -1.7910141358180246e-10 0.9159665158945871
0.012875331157288873 -2.1499601357207118e-10 0.9159665162240036 0.012875331157288873 -2.1499601357207268e-10 0.9159665162240036
0.012875330951018582 2.502478259255764e-10 0.9159665162503914 0.012875330951018582 2.502478259255679e-10 0.9159665162503914
0.012875330609629783 6.191862736518752e-10 0.9159665162916337 0.012875330609629783 6.191862736518803e-10 0.9159665162916337
0.012875330647815687 1.3192290307661045e-09 0.9159665164681363 0.012875330647815687 1.3192290307661084e-09 0.9159665164681363
0.01287533038002659 1.533976584688024e-09 0.915966516639487 0.01287533038002659 1.5339765846880244e-09 0.915966516639487
0.012875330691714093 1.8233355449202279e-09 0.915966516683126 0.012875330691714093 1.8233355449202411e-09 0.915966516683126
0.012875330737872918 1.3294306182690893e-09 0.9159665163815364 0.012875330737872918 1.32943061826909e-09 0.9159665163815364
0.012875330725956338 9.280051816227299e-10 0.9159665161035392 0.012875330707659699 9.500952739100156e-10 0.9159665160983684
0.012875330601165892 5.185866041329972e-10 0.9159665161376398 0.012875330601165892 5.185866041330023e-10 0.9159665161376398
0.012875329973276756 2.9249211563002775e-10 0.9159665163176947 0.012875330000573944 2.774062876534534e-10 0.9159665163132528
0.01287532994816661 2.7849579527706105e-10 0.9159665163179738 0.01287532994816661 2.784957952770596e-10 0.9159665163179738
0.012875329604854891 3.640900687748618e-11 0.915966516428969 0.012875329632403195 2.900062668866241e-11 0.915966516388257
0.012875329631377979 1.4781469209806795e-10 0.9159665167758982 0.012875329631377979 1.4781469209806846e-10 0.9159665167758982
0.012875329523211866 -2.1242909207755602e-10 0.9159665170781086 0.012875329523211866 -2.1242909207755506e-10 0.9159665170781086
0.012875329640866271 -5.0250818560495445e-11 0.9159665170657437 0.012875329640866271 -5.0250818560498405e-11 0.9159665170657437
0.012875329774000278 1.0512250997685972e-10 0.9159665168045258 0.012875329774000278 1.0512250997686116e-10 0.9159665168045258
0.012875329447662242 4.078397139495194e-10 0.9159665166876614 0.012875329447662242 4.078397139495254e-10 0.9159665166876614
0.012875329235618783 9.303249434055803e-10 0.915966516372592 0.012875329283870272 9.142240404639302e-10 0.9159665164367677
0.012875328693194944 1.1352073002289857e-09 0.9159665162566818 0.012875328693194944 1.135207300228992e-09 0.9159665162566818
0.012875328396088197 1.6898162628959047e-09 0.9159665162337923 0.012875328396088197 1.689816262895897e-09 0.9159665162337923
0.012875327951918049 1.7174531685170556e-09 0.915966516348313 0.012875327951918049 1.717453168517058e-09 0.915966516348313
0.012875328022311443 1.958771551453494e-09 0.9159665165491478 0.012875328022311443 1.958771551453493e-09 0.9159665165491478
0.012875327883726246 1.6880414297460846e-09 0.9159665164092239 0.012875327883726246 1.6880414297460852e-09 0.9159665164092239
0.012875328178997739 1.4248933577559762e-09 0.9159665159352051 0.01287532812460145 1.4167521990818618e-09 0.9159665159775544
0.012875328381395892 1.3181277291579954e-09 0.9159665155199468 0.012875328381395892 1.318127729157999e-09 0.9159665155199468
0.012875328235376217 9.023757104782224e-10 0.9159665151448357 0.012875328235376217 9.023757104782212e-10 0.9159665151448357
0.01287532840922224 8.121007157122307e-10 0.9159665150632398 0.01287532840922224 8.121007157122274e-10 0.9159665150632398
0.012875328185971334 4.913075701916472e-10 0.9159665152455091 0.012875328191688747 4.944998766954278e-10 0.9159665152068158
0.012875328395997067 7.275412935260205e-10 0.9159665155298723 0.012875328378567653 7.103860966054601e-10 0.9159665154798545
0.012875328251792866 6.209627453215726e-10 0.9159665157643918 0.012875328251792866 6.209627453215667e-10 0.9159665157643918
0.012875328188962656 7.880693173007057e-10 0.9159665163154214 0.012875328188962656 7.880693173007084e-10 0.9159665163154214
0.012875327876121022 6.991944206735761e-10 0.9159665164923521 0.012875327936305771 7.375117724557122e-10 0.9159665165012891
0.012875327551321938 5.828810461098431e-10 0.9159665166672919 0.012875327551321938 5.828810461098446e-10 0.9159665166672919
0.01287532770277672 9.424943359409005e-10 0.9159665164695565 0.012875327707697264 9.310790010861117e-10 0.9159665165117956
0.012875327585247462 9.83436719962659e-10 0.9159665162736395 0.012875327585247462 9.834367199626548e-10 0.9159665162736395
0.0128753280952239 1.4853060095582069e-09 0.9159665160258834 0.0128753280952239 1.4853060095581994e-09 0.9159665160258834
0.012875328442485309 1.6026599062217634e-09 0.9159665155361736 0.012875328430393273 1.6011285209192874e-09 0.9159665155428786
0.012875328812371993 1.867586367155338e-09 0.9159665152645073 0.012875328812371993 1.8675863671553403e-09 0.9159665152645073
0.012875329280982992 1.870628305246266e-09 0.9159665149973032 0.012875329273236294 1.906531373065883e-09 0.9159665150373496
0.012875329408494993 1.66000809636494e-09 0.9159665150089769 0.012875329374944827 1.6621857795132588e-09 0.915966515026562
0.012875329665517516 1.42133185862582e-09 0.9159665156342851 0.01287532966538251 1.4735155680379867e-09 0.9159665155879985
0.012875329562781392 1.0443087367654679e-09 0.9159665160661973 0.012875329562781392 1.0443087367654662e-09 0.9159665160661973
0.012875329694053214 1.0612665280179702e-09 0.9159665165224111 0.012875329694053214 1.061266528017974e-09 0.9159665165224111
0.012875329518361468 6.601965992169257e-10 0.915966516950339 0.012875329518361468 6.601965992169202e-10 0.915966516950339
0.012875329835395712 5.767860512857518e-10 0.9159665172537903 0.012875329835395712 5.767860512857506e-10 0.9159665172537903
0.012875329927248675 8.636080750852604e-11 0.9159665172289506 0.012875329927248675 8.636080750852721e-11 0.9159665172289506
0.012875330168196747 -2.9539324832798064e-10 0.9159665171165468 0.012875330113582521 -2.9789758722211987e-10 0.9159665171550335
0.012875330440004402 -4.0748130919073433e-10 0.915966516810765 0.012875330440004402 -4.074813091907351e-10 0.915966516810765
0.012875330196312283 -7.419574026259847e-10 0.9159665164984491 0.012875330196312283 -7.419574026259778e-10 0.9159665164984491
0.012875330109948012 -6.672102447966585e-10 0.9159665165747677 0.012875330109948012 -6.672102447966473e-10 0.9159665165747677
0.012875329818494029 -7.25828337520823e-10 0.9159665168609279 0.012875329818357355 -7.460193909931719e-10 0.9159665168344707
0.01287533001999185 -4.1997051640926933e-10 0.9159665170008613 0.01287533001999185 -4.199705164092763e-10 0.9159665170008613
0.012875329968200193 -5.61057603174009e-10 0.9159665170688462 0.012875329968200193 -5.610576031740143e-10 0.9159665170688462
0.012875330227805546 -4.823602965083511e-10 0.9159665173059299 0.012875330227805546 -4.823602965083521e-10 0.9159665173059299
0.012875330073240784 -7.730703369263736e-10 0.9159665171804058 0.012875330073240784 -7.730703369263754e-10 0.9159665171804058
0.012875330022125549 -1.1146252865552589e-09 0.9159665169897349 0.012875329992662369 -1.121887662905601e-09 0.9159665170481909
0.012875330109026592 -1.1180896509963255e-09 0.9159665166134836 0.012875330109026592 -1.1180896509963232e-09 0.9159665166134836
0.012875329801826452 -1.4259349277301456e-09 0.9159665161372452 0.012875329805869513 -1.4235944806603285e-09 0.9159665161799146
0.012875329854882966 -1.3004232374400422e-09 0.9159665160430823 0.012875329868316911 -1.3021792328582174e-09 0.9159665160386274
0.012875329507731114 -1.33932767856269e-09 0.9159665160235905 0.012875329507731114 -1.339327678562689e-09 0.9159665160235905
0.012875329409013704 -9.43405386214359e-10 0.9159665159702877 0.012875329409013704 -9.434053862143582e-10 0.9159665159702877
0.012875329006207213 -9.402379437773231e-10 0.9159665157789882 0.01287532905531949 -9.321643001419028e-10 0.9159665157526365
0.012875328794419001 -7.194757181334148e-10 0.9159665158534761 0.012875328803236054 -7.516380717008732e-10 0.9159665158178157
0.012875328500852575 -8.104205612686435e-10 0.9159665159495782 0.012875328500852575 -8.104205612686393e-10 0.9159665159495782
0.012875328465067113 -9.57155528750804e-10 0.9159665160636672 0.012875328465067113 -9.5715552875081e-10 0.9159665160636672
0.01287532846894618 -6.760990852240449e-10 0.9159665160739718 0.01287532846894618 -6.760990852240423e-10 0.9159665160739718
0.012875328307448518 -9.641326973883924e-10 0.9159665161760912 0.012875328281810249 -9.414089555219377e-10 0.9159665161606341
0.012875328688294121 -9.940174871091297e-10 0.9159665163100523 0.012875328688294121 -9.940174871091293e-10 0.9159665163100523
0.01287532873880254 -1.3282790232982893e-09 0.9159665165108646 0.01287532873880254 -1.3282790232982885e-09 0.9159665165108646
0.012875329212887605 -1.3553688109380254e-09 0.9159665169376536 0.012875329212887605 -1.3553688109380246e-09 0.9159665169376536
0.012875329595530787 -1.4567552477579306e-09 0.9159665173293168 0.012875329595530787 -1.45675524775793e-09 0.9159665173293168
0.01287533022036671 -1.5731954686222953e-09 0.9159665177329478 0.012875330133019114 -1.6085663378202746e-09 0.9159665177112541
0.012875330812871025 -1.1649792193190054e-09 0.9159665180653361 0.012875330812871025 -1.1649792193190042e-09 0.9159665180653361
0.012875331149905762 -9.130854746052982e-10 0.9159665183631801 0.012875331149905762 -9.130854746052993e-10 0.9159665183631801
0.012875331610007307 -2.916482562641633e-10 0.9159665185059239 0.012875331610007307 -2.9164825626415987e-10 0.9159665185059239
0.012875331459764662 -1.6119813490699188e-10 0.9159665184066847 0.012875331459764662 -1.6119813490699035e-10 0.9159665184066847
0.012875331534662365 1.5748688444825267e-10 0.9159665183756467 0.012875331534662365 1.5748688444825447e-10 0.9159665183756467
0.01287533124963219 6.119820039122301e-11 0.9159665181981832 0.012875331272719281 1.0166785471755425e-10 0.9159665182169157
0.012875331346098657 -2.0691352513691058e-11 0.9159665178378043 0.012875331328862432 -4.6869672301323783e-11 0.9159665178779542
0.01287533127499935 1.3800465830673894e-10 0.9159665174480534 0.01287533127499935 1.3800465830673918e-10 0.9159665174480534
0.012875331429840904 1.569982692964783e-11 0.9159665169359387 0.012875331429840904 1.5699826929643544e-11 0.9159665169359387
0.01287533153698993 2.686029391207122e-10 0.9159665165843851 0.01287533153698993 2.686029391207127e-10 0.9159665165843851
0.012875331552007815 7.411597073474181e-11 0.9159665162673714 0.012875331552007815 7.411597073474204e-11 0.9159665162673714
0.012875331853570466 1.0212007077937483e-10 0.9159665162609224 0.01287533185716441 9.438954549970657e-11 0.9159665162451345
0.012875331680431621 -5.378401275800948e-11 0.9159665164230838 0.012875331680431621 -5.3784012758014946e-11 0.9159665164230838
0.012875331653154656 -1.0549015024904174e-11 0.9159665165366437 0.012875331679544086 -2.6119316718762717e-11 0.9159665165267157
0.012875331029215143 -2.8150728892144185e-10 0.9159665163546202 0.012875331094405106 -2.2232507910487519e-10 0.9159665163643665
0.012875330786562134 -6.086043676454822e-10 0.9159665161123727 0.012875330786562134 -6.086043676454824e-10 0.9159665161123727
0.012875330403553834 -5.500536887663982e-10 0.9159665154306533 0.012875330403553834 -5.500536887663896e-10 0.9159665154306533
0.012875330012654403 -7.752116187178334e-10 0.9159665150037809 0.012875330012654403 -7.752116187178282e-10 0.9159665150037809
0.012875329956780358 -5.477087117666467e-10 0.915966514770226 0.012875329981236036 -5.663078383126665e-10 0.9159665147832488
0.012875329741830237 -4.830452661603492e-10 0.9159665147097666 0.012875329741830237 -4.830452661603529e-10 0.9159665147097666
0.0128753301183959 6.872477714198685e-11 0.9159665146653647 0.012875330085855294 1.8302771247819454e-11 0.9159665146512866
0.012875330218763338 2.006755375880463e-10 0.9159665146146106 0.012875330205936735 2.0155734108017307e-10 0.9159665145744201
0.012875330688294988 4.78447919794328e-10 0.9159665147837868 0.01287533063120301 4.347531251325467e-10 0.9159665147454169
0.012875330862941408 5.596925991772329e-10 0.915966514923351 0.012875330862941408 5.596925991772321e-10 0.915966514923351
0.01287533077720453 3.027296269584618e-10 0.9159665154109783 0.012875330775166427 3.048932539743035e-10 0.9159665153685647
0.012875330523639575 1.897744739242758e-10 0.9159665161941386 0.012875330523639575 1.8977447392428027e-10 0.9159665161941386
0.012875329962459449 -2.06554074284422e-10 0.9159665168258097 0.012875329962459449 -2.0655407428442216e-10 0.9159665168258097
0.012875329663545097 1.5380859289922678e-10 0.9159665173798849 0.012875329663545097 1.5380859289922497e-10 0.9159665173798849
0.012875329100670609 4.4716484485240793e-10 0.9159665177318698 0.012875329100670609 4.471648448524e-10 0.9159665177318698
0.012875328976934901 1.0763685179679701e-09 0.9159665180066916 0.012875328976934901 1.0763685179679654e-09 0.9159665180066916
0.012875328585018367 1.445072202048415e-09 0.9159665182414545 0.012875328585018367 1.4450722020484215e-09 0.9159665182414545
0.012875328690372442 1.7107241119061794e-09 0.9159665186414702 0.012875328690372442 1.7107241119061785e-09 0.9159665186414702
0.01287532855816605 1.9327000741247897e-09 0.9159665187575055 0.01287532855816605 1.932700074124788e-09 0.9159665187575055
0.012875328154176259 1.6672311152656616e-09 0.9159665184296326 0.012875328160453968 1.663319914323465e-09 0.9159665184968896
0.012875327962213136 1.8624862989174695e-09 0.9159665178114645 0.012875327962213136 1.8624862989174705e-09 0.9159665178114645
0.012875327523730178 1.645510534682426e-09 0.9159665171774272 0.012875327523730178 1.6455105346824276e-09 0.9159665171774272
0.012875327733598391 1.6754367696007408e-09 0.915966516558395 0.012875327733598391 1.675436769600741e-09 0.915966516558395
0.012875327650359498 1.3057233804592654e-09 0.9159665158132735 0.012875327679205241 1.3699482173540297e-09 0.9159665158482101
0.012875327698285973 8.564473834894287e-10 0.9159665153858326 0.012875327666731823 8.860472640226169e-10 0.9159665154092608
0.012875327810379422 2.7579255641920613e-10 0.9159665152636763 0.012875327824439332 3.615075762013054e-10 0.9159665153216201
0.012875327805522793 -2.9758253716548687e-10 0.9159665151894125 0.012875327805522793 -2.9758253716548796e-10 0.9159665151894125
0.012875328205963706 -2.8036878418869355e-10 0.9159665149982907 0.012875328205963706 -2.803687841886905e-10 0.9159665149982907
0.012875328198255922 -4.5678749214913757e-10 0.9159665148647593 0.012875328189877794 -4.606248522862017e-10 0.9159665148486364
0.012875328441053659 -1.1151525906323602e-10 0.9159665149474793 0.012875328441053659 -1.1151525906324246e-10 0.9159665149474793
0.01287532853499471 3.44273584339849e-11 0.9159665151768885 0.01287532851447753 3.320248219005138e-11 0.9159665151149481
0.012875328991496201 3.3328256709145505e-10 0.9159665154846528 0.012875328991496201 3.332825670914542e-10 0.9159665154846528
0.01287532921236742 6.189272966982072e-10 0.9159665155807959 0.01287532921236742 6.189272966982116e-10 0.9159665155807959
0.01287532953655504 6.017227691779163e-10 0.9159665156849391 0.01287532953655504 6.017227691779156e-10 0.9159665156849391
0.012875329983874839 7.122552095957046e-10 0.9159665158620793 0.012875329961643011 7.408323554997896e-10 0.9159665158480331
0.012884560691712866 -2.083712681717456e-08 0.9316648837625046 0.012884560691712866 -2.083712681717457e-08 0.9316648837625046
0.013135691317721111 -3.24600219696425e-07 0.9933568598506093 0.013135691317721111 -3.24600219696425e-07 0.9933568598506093
0.014148900008439904 -7.701708359517182e-07 1.0994633083272298 0.01402392358226749 -7.469146257597639e-07 1.088654632658018
0.015593017526280648 -5.085007345655726e-07 1.2154194050586715 0.015441514767932119 -6.002613149369297e-07 1.203350503202081
0.016988603493525566 2.1086298989091317e-06 1.3382499354656334 0.01686578690249056 1.6853946299475405e-06 1.3259218545224167
0.017899556969348574 8.498932525627624e-06 1.4593779498426962 0.017836931235410972 7.67710325293007e-06 1.4475349631915493
0.018163590854355243 1.7432472985515807e-05 1.5617987671507698 0.018163590854355243 1.7432472985515807e-05 1.5617987671507698
0.017861582862128068 2.8661533248130272e-05 1.6644542277106684 0.017861582862128068 2.8661533248130272e-05 1.6644542277106684
0.01694333891499691 3.859088157656879e-05 1.7610644812425604 0.017047083360240002 3.789718620656457e-05 1.753031370494758
0.015748890073034913 4.232473252652197e-05 1.8330152272041962 0.01587853752224029 4.223296811104165e-05 1.8265025930700216
0.014529366849403536 4.033868190951886e-05 1.8849931266857767 0.014529366849403536 4.033868190951886e-05 1.8849931266857767
0.01316390468858145 3.258305489828747e-05 1.9294442412890098 0.01316390468858145 3.258305489828747e-05 1.9294442412890098
0.01191807857700172 2.0415709014546635e-05 1.961285036947166 0.01191807857700172 2.0415709014546635e-05 1.961285036947166
0.010887791964116747 5.869398317424836e-06 1.9822229306236645 0.010887791964116747 5.869398317424836e-06 1.9822229306236645
0.010125976989069174 -8.895665262443128e-06 1.994079738420957 0.010125976989069174 -8.895665262443128e-06 1.994079738420957
0.009614459459906329 -2.309270194000155e-05 1.9987912803793015 0.009647157002688813 -2.194431987546273e-05 1.998665611377414
0.009436134706361555 -3.180808436778807e-05 1.9976872740641742 0.009436134706361555 -3.180808436778807e-05 1.9976872740641742
0.009457669604279004 -3.763531107029559e-05 1.9926862131896677 0.009457669604279004 -3.763531107029559e-05 1.9926862131896677
0.00966528799489913 -3.921017867010367e-05 1.9850020724491277 0.00966528799489913 -3.921017867010367e-05 1.9850020724491277
0.010048269916890461 -3.644547739121848e-05 1.9747825975991549 0.010008432972453973 -3.6871350732413774e-05 1.975756427780675
0.010546667703478745 -2.9510289580442037e-05 2.024667961238845 0.010546667703478745 -2.9510289580442037e-05 2.024667961238845
0.012310098159451908 -1.622816351686776e-05 2.211031699090412 0.012310098159451908 -1.622816351686776e-05 2.211031699090412
0.016498103775978597 -1.2942734675386992e-06 2.494727739689083 0.016498103775978597 -1.2942734675386992e-06 2.494727739689083
0.02286691098584591 1.3066765441263804e-05 2.8695375182566307 0.02227563688536042 1.1741745141133022e-05 2.8339339637072656
0.027764662467597786 2.7791528229893862e-05 3.1949620162338697 0.027764662467597786 2.7791528229893862e-05 3.1949620162338697
0.03187495348545796 6.062787376313763e-05 3.5869257250645994 0.03187495348545796 6.062787376313763e-05 3.5869257250645994
0.03331754726387569 0.00010839751405188445 3.9188531148195542 0.03327361009718546 0.00010301536684138323 3.8871075596098525
0.03276302931452099 0.00015933652445913375 4.187471606012313 0.03276302931452099 0.00015933652445913375 4.187471606012313
0.03036442395640569 0.00021201208406660432 4.446216600548296 0.03036442395640569 0.00021201208406660432 4.446216600548296
0.026131680968695448 0.000249994138809053 4.679457335380223 0.02656531057092571 0.00024776165767735966 4.660482513149748
0.021986048863127515 0.0002582833462610597 4.830763739741063 0.021986048863127515 0.0002582833462610597 4.830763739741063
0.01726595772239362 0.00024186686399621063 4.959906637824648 0.01726595772239362 0.00024186686399621063 4.959906637824648
0.012947805175703887 0.00020203612535018054 5.052159694501406 0.012947805175703887 0.00020203612535018054 5.052159694501406
0.00909270567411955 0.00013994682068878367 5.117059231850919 0.009397427715186263 0.00014607609285047574 5.112564626697446
0.006783927126877053 8.331512826148348e-05 5.1464821357955035 0.006783927126877053 8.331512826148348e-05 5.1464821357955035
0.005115304093309331 2.2955338193720498e-05 5.159227000248178 0.005115304093309331 2.2955338193720505e-05 5.159227000248178
0.004296948196297555 -2.7780068352734746e-05 5.155801736940955 0.004296948196297555 -2.7780068352734742e-05 5.155801736940955
0.004205197367013177 -6.725151477284512e-05 5.1387239122217645 0.004205197367013177 -6.72515147728451e-05 5.1387239122217645
0.004682860825123529 -8.681273164485484e-05 5.115310948964173 0.004615797065861465 -8.553885963217009e-05 5.117888234784107
0.005436936126117462 -9.188262999496171e-05 5.090586143649648 0.005436936126117462 -9.188262999496171e-05 5.090586143649648
0.006451313116342884 1.376221651584736e-06 5.0361153825484894 0.006451313116342884 1.376221651584736e-06 5.0361153825484894
0.01241873779570805 0.015507306301295948 4.920309317870033 0.010828257332433089 0.011206094311098647 4.930588632498418
0.07219467993234466 0.154748562357826 4.841474867524396 0.06117385325732016 0.13086426158160122 4.848299784040116
0.2652451273923961 0.5259493293215036 4.746201496495897 0.2388518680206158 0.47864653173519944 4.7593346620847825
0.6110409514528194 1.0914530522795522 4.557613864289686 0.5702552171990736 1.0288342899223468 4.580982028126426
1.0792222698668057 1.7615476231088003 4.281018393114611 1.0281717239021144 1.691851989301847 4.311634971669129
1.6255324162201066 2.477582358897589 3.950451715932472 1.5685181065863614 2.40474513454472 3.9850380484468593
2.2129589204552476 3.2149092480697705 3.600313482197754 2.153320901338963 3.140743471667713 3.6349561382430133
2.746471741731271 3.877239455864469 3.306552796115862 2.746471741731271 3.877239455864469 3.306552796115862
3.3016646171303545 4.568340416076043 3.0398018306755445 3.3016646171303545 4.568340416076043 3.0398018306755445
3.827253830755549 5.210511988591747 2.824551169259179 3.7835639406448243 5.158561097841287 2.8412012202511954
4.185107592640221 5.615650893718493 2.696325663236138 4.185107592640221 5.615650893718493 2.696325663236138
4.5435183406807464 5.961649724240886 2.5849815981099313 4.514246747220794 5.936567377876968 2.593260242270261
4.77891285327696 6.135915744078303 2.5254801028193836 4.77891285327696 6.135915744078303 2.5254801028193836
5.001192714431623 6.2396552119279685 2.4853101034774063 4.983830283842409 6.234508236555675 2.4876560943887207
5.133365450786762 6.253690835939666 2.474359686168039 5.133365450786762 6.253690835939666 2.474359686168039
5.240912143831462 6.207164868477004 2.4822030402483586 5.23336816642131 6.213687929590915 2.4806599514079557
5.290985236226341 6.13309762747091 2.502437137194688 5.290985236226341 6.13309762747091 2.502437137194688
5.314640618585007 6.017268421802549 2.540064022544349 5.313948496168712 6.028483484872253 2.536161098632269
5.31006544363275 5.914001703804325 2.578562814579883 5.31006544363275 5.914001703804325 2.578562814579883
5.28686041300066 5.801095684343476 2.6264149842005873 5.28686041300066 5.801095684343476 2.6264149842005873
5.251225230610519 5.698256305514168 2.676508529805155 5.251225230610519 5.698256305514168 2.676508529805155
5.2047509503549625 5.603200939056748 2.7306318445991886 5.209120615514111 5.610952706380813 2.725842336126124
5.165393291229047 5.541830925519972 2.771914849102333 5.165393291229047 5.541830925519972 2.771914849102333
5.119776338767806 5.4871017443479735 2.816729774893709 5.123722954879219 5.491192291374788 2.8129483579875942
5.083263064625636 5.4551107663480884 2.85110147718674 5.086651373078957 5.457619266238363 2.8479497470588697
5.052936221941073 5.437408388113319 2.879141508822384 5.0556701062129585 5.438620510183925 2.876618128995439
5.029299276241072 5.430964546240212 2.901108162624028 5.031362767831895 5.431191068387503 2.89917020799675
5.013602720010915 5.4322449509497455 2.9161520750507046 5.013602720010915 5.4322449509497455 2.9161520750507046
5.000870120849501 5.439795144732647 2.929255176940477 5.00176282488904 5.438917456808708 2.9282797520025716
4.994453391479083 5.449836484413402 2.9369319584082714 4.994453391479083 5.449836484413402 2.9369319584082714
4.9918355734496 5.460938542038184 2.941347792953947 4.991957301732355 5.459823332580054 2.9410327612028584
4.991847933214306 5.470705796352043 2.9431056295222033 4.991847933214306 5.470705796352043 2.9431056295222033
4.993614653397055 5.480489895326221 2.9431680473872324 4.993614653397055 5.480489895326221 2.9431680473872324
4.996772712731699 5.489395625658159 2.9415689672917504 4.996455135514023 5.488674421420118 2.941770210404796
5.000082926478149 5.495618602691257 2.939106936978022 4.999747441776077 5.495076350767357 2.939384078994133
5.0030454821788855 5.499736812285841 2.936400763307545 5.0030454821788855 5.499736812285841 2.936400763307545
5.006336836248691 5.503073330575512 2.932810259868663 5.0060584602986085 5.502839181659528 2.933141272502757
5.00885083820717 5.504762065334302 2.9295301418328337 5.008622415323181 5.504642276656725 2.929853026680468
5.010670059847018 5.505430735076208 2.9267178068027238 5.010670059847018 5.505430735076208 2.9267178068027238
5.012203122808236 5.505481519603522 2.923860665394528 5.012203122808236 5.505481519603522 2.923860665394528
5.013351105282245 5.5049796285597665 2.921129884332936 5.0132677949122355 5.505042198118888 2.921358786292603
5.013982864750084 5.504237118132277 2.9190609518225497 5.013982864750084 5.504237118132277 2.9190609518225497
5.0142851000591 5.5034701170019416 2.9175398898771228 5.0142851000591 5.5034701170019416 2.9175398898771228
5.014398078654136 5.502612232585872 2.9162121458454706 5.014398078654136 5.502612232585872 2.9162121458454706
5.0143344004167645 5.5017487659247815 2.9151534089141045 5.014346190326408 5.501822071117509 2.915233637694089
